CGA CGC CGG CGU AGA AGG CUA CUC CUG CUU UUA UUG UCA UCC UCG UCU AGC AGU ACA ACC ACG ACU CCA CCC CCG CCU GCA GCC GCG GCU GGA GGC GGG GGU GUA GUC GUG GUU AAA AAG AAC AAU CAA CAG CAC CAU GAA GAG GAC GAU UAC UAU UGC UGU UUC UUU AUA AUC AUU AUG UGG UAA UAG UGA
3 5 13 7 21 11 10 24 7 29 17 16 16 11 13 11 14 18 11 13 11 15 9 8 7 9 26 3 11 32 16 12 12 13 11 19 10 18 27 37 25 13 24 12 8 14 28 27 12 36 18 17 5 4 25 26 13 18 23 19 19 0 1 0 
5 3 5 5 22 11 9 12 6 19 14 18 13 6 4 16 5 19 14 12 1 18 21 2 5 12 24 10 6 36 28 12 6 19 10 17 11 21 38 26 17 37 19 8 16 16 36 19 14 31 16 18 2 7 13 30 11 7 36 26 19 0 0 1 
1 3 0 4 9 4 3 12 2 11 7 9 2 4 3 3 1 0 3 3 2 8 7 2 3 11 10 0 2 12 5 3 0 15 3 4 4 9 4 10 5 16 11 6 3 10 11 13 5 22 8 8 3 3 5 10 8 5 12 12 2 1 0 0 
3 1 1 5 8 6 3 5 5 10 4 11 3 0 5 8 3 1 5 0 4 9 7 4 3 11 8 3 9 8 0 2 3 12 4 2 3 7 4 10 6 13 4 12 7 8 13 16 7 18 9 7 3 3 5 13 8 6 18 15 2 0 0 1 
2 2 1 0 6 3 2 4 1 5 2 8 12 10 3 20 6 6 9 2 3 16 15 7 1 14 12 1 1 15 9 2 3 10 6 7 5 11 8 8 6 11 7 8 3 10 8 5 3 7 4 4 0 5 5 8 6 4 7 10 1 1 0 0 
2 1 3 1 5 3 1 4 1 2 3 3 4 3 5 2 5 4 3 3 6 1 0 2 11 2 2 6 11 3 5 5 4 11 3 1 5 5 8 5 5 6 2 1 1 2 5 11 5 6 2 5 4 0 0 8 0 2 5 5 2 1 0 0 
1 1 0 1 0 2 3 4 0 1 2 3 3 1 4 2 6 3 2 0 0 6 5 0 1 3 4 2 0 12 4 1 0 4 2 7 3 2 6 14 2 3 7 4 0 1 10 10 4 23 0 1 0 0 1 3 3 4 5 5 0 0 1 0 
7 3 5 6 11 10 9 7 6 22 14 18 15 5 6 26 9 12 11 7 1 17 11 6 1 9 26 12 2 36 13 5 16 13 7 6 9 12 11 16 8 33 13 22 6 15 32 17 8 22 14 24 8 7 7 17 9 6 14 25 5 1 0 0 
2 1 3 3 6 8 1 4 3 11 5 11 9 5 3 24 2 3 4 4 5 5 5 1 10 7 13 3 6 12 7 3 2 14 8 3 6 13 12 11 6 12 6 5 0 3 9 10 4 18 0 7 3 8 4 13 4 4 12 6 4 0 0 1 
3 0 3 2 2 4 0 5 5 1 9 4 7 1 4 7 1 9 1 3 8 1 9 3 11 3 3 1 9 4 13 5 5 8 1 1 8 2 4 9 7 15 6 12 3 12 9 8 8 7 1 5 0 1 6 2 3 2 6 17 3 0 1 0 
7 4 3 6 9 10 7 13 3 14 9 20 11 14 3 19 9 7 14 13 12 14 20 11 8 19 13 9 2 22 27 12 9 18 6 13 17 23 29 36 19 20 17 7 15 14 32 28 18 32 16 13 8 6 20 17 11 15 33 27 21 1 0 0 
3 6 1 5 3 3 5 9 2 6 9 6 2 7 3 4 6 5 4 6 2 9 2 7 7 7 4 3 1 8 6 7 1 7 4 6 1 5 9 6 8 6 4 4 7 2 14 5 4 9 8 3 5 4 6 4 2 17 4 9 3 1 0 0 
9 4 3 5 7 10 8 13 2 14 9 22 11 11 5 19 10 7 13 11 13 15 22 13 5 19 14 9 4 20 29 10 9 18 7 13 15 23 33 33 19 19 17 6 15 13 37 24 19 31 18 12 9 5 21 15 10 14 35 27 21 1 0 0 
4 0 3 0 4 8 8 2 2 9 17 18 4 2 4 6 3 7 13 3 6 1 5 1 2 9 15 2 4 12 7 1 2 3 8 5 6 9 18 14 8 15 14 2 1 8 17 15 5 11 3 6 4 8 7 4 9 4 16 13 6 0 0 1 
0 2 0 0 1 1 0 0 0 1 0 0 0 3 3 2 1 1 2 3 1 2 2 0 1 4 0 1 2 3 2 0 0 2 1 1 2 0 5 5 0 3 2 1 0 2 3 2 0 3 2 2 1 0 1 1 1 0 0 2 0 1 0 0 
1 1 1 1 4 5 4 0 1 4 0 2 7 0 2 2 2 2 3 3 0 2 9 0 0 3 5 0 0 2 1 0 0 0 1 0 0 2 3 5 2 2 3 0 1 2 1 2 1 3 1 1 1 1 0 2 2 1 1 3 1 0 1 0 
1 1 1 1 2 0 5 0 1 7 6 3 4 4 0 6 0 7 5 3 2 2 4 0 2 2 5 4 1 6 3 1 1 11 4 1 3 4 8 2 3 9 3 0 1 5 8 1 1 4 0 6 0 0 4 6 6 1 9 3 1 0 0 1 
0 0 0 0 0 0 0 0 0 0 0 0 2 2 2 1 0 3 2 2 0 5 2 0 0 1 2 2 1 4 3 0 2 2 2 1 0 1 7 7 2 4 2 3 0 1 2 0 3 2 3 0 0 1 0 3 0 1 1 1 3 0 1 0 
1 0 2 2 5 0 0 0 3 4 1 3 5 1 1 3 0 2 1 1 0 5 4 2 1 7 2 0 2 3 2 3 2 5 3 3 2 6 7 2 2 7 1 3 0 1 7 4 2 4 1 2 1 5 2 3 5 0 5 2 1 0 0 1 
1 1 3 4 3 2 2 3 4 6 1 6 4 2 2 6 1 3 2 4 3 5 2 0 3 6 13 6 4 13 7 3 2 9 5 2 4 7 5 7 2 7 7 5 4 1 11 11 5 9 6 6 5 0 5 5 3 4 4 6 2 0 0 1 
1 5 1 2 1 1 0 5 2 9 1 1 4 2 3 4 3 4 6 2 2 1 1 0 1 1 3 1 2 11 3 3 2 2 1 1 4 5 11 9 5 4 6 6 1 1 6 13 8 4 1 2 1 0 2 2 0 3 4 13 0 1 0 0 
2 1 2 5 9 10 5 4 7 22 4 13 11 1 3 11 4 5 8 1 1 5 7 3 2 4 19 9 5 14 11 3 7 8 4 3 8 6 22 21 7 7 7 7 1 7 21 20 10 16 8 9 6 1 5 16 8 4 8 10 9 0 1 0 
2 2 2 3 12 7 5 7 4 7 5 15 6 10 4 12 7 8 8 7 4 22 4 4 3 4 15 14 8 17 14 6 7 14 10 7 11 17 27 21 10 20 13 8 11 3 9 14 20 14 3 10 4 7 13 10 7 4 21 9 7 0 0 1 
7 3 6 4 13 9 8 8 6 13 7 9 8 5 2 12 9 12 8 4 2 3 7 0 2 9 13 8 3 21 10 4 1 11 4 5 7 9 16 24 5 12 15 13 6 3 25 28 9 24 3 6 9 11 9 9 4 8 17 15 6 0 1 0 
2 2 3 3 5 9 2 6 4 13 5 17 9 5 0 9 2 3 12 6 5 7 5 2 2 9 12 8 8 21 9 9 7 23 7 9 9 15 10 21 7 10 6 7 5 6 20 14 3 24 5 6 2 2 5 11 3 7 12 23 4 0 1 0 
2 0 4 4 1 2 3 1 2 4 2 6 6 3 1 6 5 6 4 2 2 12 9 1 6 5 1 1 3 9 13 6 1 11 0 1 5 5 8 7 9 3 2 4 8 1 11 7 4 3 3 2 1 5 3 6 1 0 3 5 2 0 1 0 
11 6 10 7 23 10 9 9 17 29 11 28 13 14 7 22 10 12 13 7 2 17 14 5 8 15 28 9 13 20 21 11 15 16 12 15 13 26 28 26 13 27 18 13 4 8 37 31 18 35 7 13 6 5 12 18 18 12 31 25 2 0 1 0 
3 5 4 5 14 12 9 7 9 27 10 19 19 8 1 15 6 5 15 6 6 10 11 4 3 9 17 6 3 25 19 9 8 17 5 8 16 19 24 26 10 19 17 11 5 13 25 25 9 30 9 15 5 3 9 15 16 6 24 16 5 0 0 1 
0 1 4 1 10 8 4 5 5 8 7 12 6 1 2 4 1 8 9 1 2 10 7 1 2 11 21 6 4 43 8 5 9 9 4 4 9 16 7 23 3 15 9 9 1 10 28 10 2 28 2 2 4 6 6 9 4 5 9 5 4 0 1 0 
0 1 1 6 4 12 2 13 17 17 1 16 7 5 1 17 14 5 6 13 3 8 3 4 2 6 7 5 2 26 5 6 4 19 2 5 12 22 10 71 18 12 8 8 4 4 34 53 24 29 10 11 4 1 18 13 1 18 24 19 6 1 0 0 
1 3 0 3 4 13 8 9 13 21 0 15 8 3 1 15 11 8 9 13 1 9 4 6 0 7 4 4 3 27 5 5 3 22 5 4 10 24 9 72 23 7 6 9 6 3 33 55 17 34 12 9 5 1 17 14 3 21 17 19 6 1 0 0 
4 0 1 3 5 6 5 5 5 8 6 5 3 5 1 5 3 5 6 6 3 5 6 3 6 9 6 2 2 15 5 7 5 10 3 5 6 10 7 14 4 17 5 6 4 4 18 7 7 15 12 3 4 4 7 6 5 8 17 11 5 0 0 1 
1 0 0 1 3 3 2 1 1 9 6 4 4 5 0 4 1 4 9 2 0 5 1 1 0 4 3 1 0 3 2 2 1 7 2 2 5 4 11 8 6 11 2 3 0 5 2 0 4 6 4 5 5 1 4 9 3 1 4 5 3 1 0 0 
20 10 9 20 36 40 16 19 37 84 42 50 59 13 9 57 20 43 36 14 3 29 33 10 2 38 66 21 8 93 52 26 24 59 33 25 42 69 31 37 10 43 33 35 9 29 68 43 27 85 19 41 22 25 33 53 43 24 61 47 57 1 0 0 
3 0 3 3 16 9 7 2 4 14 10 16 16 7 7 25 10 15 13 7 4 9 23 7 4 19 10 5 0 9 18 9 10 14 5 3 10 18 26 9 12 20 11 9 5 10 20 8 4 24 5 13 2 7 5 15 9 5 12 9 7 0 1 0 
1 1 2 1 3 0 2 3 3 7 0 3 5 1 1 5 1 1 1 3 1 4 8 1 1 4 5 1 1 7 3 2 0 0 2 1 5 1 7 5 0 6 7 2 2 0 8 2 3 8 1 7 1 4 4 2 2 3 9 6 1 0 0 1 
1 1 2 1 3 0 2 5 2 7 0 3 5 1 1 5 1 1 2 3 1 4 8 1 1 3 4 1 1 6 4 0 0 1 2 1 5 1 7 5 0 6 7 3 1 0 8 2 3 9 1 7 1 3 4 3 3 3 8 6 1 0 0 1 
6 2 4 2 8 7 5 3 6 11 10 17 10 6 2 12 4 8 9 2 1 10 9 3 1 7 8 3 2 6 14 4 4 8 7 5 8 13 17 11 5 16 10 9 4 4 12 12 6 18 6 19 4 4 11 25 7 6 13 6 7 0 0 1 
10 6 7 6 17 8 8 11 17 26 22 29 22 13 4 29 21 16 25 5 5 16 17 4 9 18 28 8 4 28 16 6 6 21 12 10 16 27 24 36 29 37 14 15 6 15 34 27 19 26 12 13 8 12 19 27 13 16 19 22 7 0 1 0 
4 2 7 4 5 2 5 6 5 15 5 10 9 5 3 9 7 9 8 7 5 9 14 1 6 10 13 6 0 16 10 3 6 5 4 7 5 13 15 20 6 27 12 16 2 7 24 18 8 17 10 6 7 6 10 17 8 2 10 11 8 0 0 1 
5 1 5 7 19 31 3 14 22 26 14 30 27 9 3 22 6 23 11 12 1 17 15 8 8 27 32 9 3 32 23 11 16 22 17 16 23 36 43 35 17 39 22 16 6 21 34 36 24 53 14 23 9 15 26 39 23 17 23 38 18 0 0 1 
8 5 4 8 19 13 16 13 13 32 16 32 23 10 7 29 6 24 14 11 5 21 11 7 3 17 24 11 4 22 17 13 13 21 19 13 17 29 38 34 19 22 22 19 9 24 35 41 17 45 14 24 14 12 25 27 14 20 29 31 15 0 1 0 
0 1 0 3 0 2 2 5 2 3 0 0 0 1 1 2 0 0 2 5 1 3 0 1 1 2 0 6 0 4 2 1 2 7 0 1 5 4 5 23 3 2 0 7 2 2 4 2 4 5 5 4 0 5 3 1 1 4 3 2 0 0 0 1 
0 1 0 3 6 2 2 5 2 9 2 5 5 2 1 4 7 1 0 5 0 8 6 1 0 4 8 9 0 15 4 3 1 11 2 3 1 5 4 16 2 3 5 5 0 1 6 4 7 5 3 3 0 1 2 4 0 4 6 3 1 1 0 0 
1 2 1 2 6 5 1 3 4 5 5 8 5 5 3 8 2 3 4 3 2 9 5 4 2 10 13 12 3 15 6 2 3 4 3 3 10 9 21 13 7 6 5 5 2 2 21 16 9 15 6 6 1 2 6 7 4 4 9 8 4 0 1 0 
0 2 0 0 3 2 4 4 1 2 0 5 4 1 0 2 1 0 6 0 0 5 4 2 0 1 4 1 1 8 3 5 4 5 0 0 3 7 3 3 1 3 2 3 1 0 0 1 2 2 0 0 0 2 3 3 1 0 4 6 0 1 0 0 
2 3 2 4 3 1 1 1 2 5 1 4 4 2 0 4 0 3 4 2 1 3 7 2 0 0 8 0 3 8 1 1 1 1 2 0 5 3 8 5 2 4 5 2 1 3 6 4 1 11 1 2 4 3 4 2 0 3 0 6 0 0 0 1 
1 1 0 4 0 2 2 5 1 5 0 0 0 1 1 2 0 0 2 5 1 3 1 1 0 2 0 6 0 4 3 1 2 6 1 1 4 3 4 22 3 2 1 7 3 1 3 4 3 7 4 2 0 4 3 2 0 5 3 2 0 0 0 1 
1 1 0 2 3 2 3 4 3 9 2 4 4 1 0 10 9 2 6 8 1 12 13 4 0 2 9 9 1 17 12 4 2 12 3 5 7 11 8 19 7 4 7 9 0 0 10 14 4 10 4 3 4 0 10 6 1 5 4 4 1 0 0 1 
2 0 7 3 7 3 7 5 6 15 10 14 12 11 5 23 9 14 10 1 4 6 12 6 7 19 10 4 2 12 19 9 13 31 5 6 4 13 4 8 18 32 28 25 8 7 8 6 2 20 9 9 0 3 8 17 5 4 13 19 4 1 0 0 
5 1 2 4 4 2 2 6 4 8 3 7 1 2 0 3 4 6 6 6 2 7 6 1 1 10 2 6 1 5 6 6 3 6 4 4 3 14 8 10 4 8 4 6 5 4 5 7 0 5 13 14 2 3 14 9 2 5 7 6 6 0 1 0 
5 3 4 4 11 9 8 9 6 15 13 16 8 5 2 14 5 9 13 4 3 9 7 0 4 13 17 5 9 15 14 7 12 18 7 4 9 13 13 20 7 9 11 7 3 8 25 16 9 17 9 10 2 3 8 18 6 6 12 9 12 0 0 1 
5 4 2 2 20 7 11 10 21 31 11 32 13 7 3 20 10 11 13 6 1 12 16 3 0 9 15 9 3 16 8 8 10 12 15 6 19 23 33 28 14 27 16 13 4 11 37 20 13 38 10 13 7 16 14 34 9 21 20 17 11 1 0 0 
1 0 0 2 4 3 5 1 3 7 3 11 5 3 2 5 2 6 3 2 0 7 4 0 0 2 4 3 0 7 5 5 4 8 3 1 6 7 15 9 3 8 4 4 0 2 6 6 4 11 2 1 3 5 3 11 4 6 11 6 3 1 0 0 
1 1 1 2 2 6 5 10 3 5 2 5 7 2 1 6 3 2 4 7 1 7 3 2 3 2 10 9 1 13 10 9 4 16 2 12 3 12 11 13 8 14 7 3 1 4 10 13 9 5 9 5 4 5 11 7 4 3 8 6 6 0 0 1 
1 5 2 5 1 7 3 12 1 5 3 5 6 4 5 2 3 2 4 3 4 4 1 2 2 4 5 7 5 16 5 5 0 7 3 8 5 10 4 9 7 1 7 6 3 1 5 14 6 6 4 0 0 0 12 1 0 7 7 6 1 0 0 1 
3 1 0 6 5 5 3 7 2 6 0 8 4 2 0 1 3 6 3 2 2 6 2 1 2 6 11 5 2 15 7 2 0 10 0 3 10 13 7 10 11 6 6 7 0 5 10 8 4 8 5 3 0 0 3 5 2 5 15 5 1 1 0 0 
3 0 5 2 8 0 0 3 1 5 3 0 4 1 0 7 3 4 1 3 2 7 8 1 2 4 3 3 0 7 12 5 2 5 1 0 3 11 6 17 5 15 0 1 1 1 19 4 1 15 3 7 11 21 4 8 2 0 7 2 0 1 0 0 
2 2 2 0 5 7 2 7 4 8 8 8 6 7 4 12 1 2 3 1 5 7 2 0 0 5 13 4 1 16 6 5 0 3 1 1 4 9 16 17 5 11 10 8 2 1 21 9 8 16 4 4 2 1 4 3 1 3 5 11 3 1 0 0 
0 0 0 1 3 1 4 1 5 8 3 14 3 1 0 11 1 1 7 1 0 7 5 2 1 11 6 8 1 11 19 4 2 5 2 3 0 10 11 11 2 8 4 1 0 1 9 10 2 5 1 1 0 0 12 11 4 5 11 3 0 0 0 1 
0 0 0 1 3 1 4 1 5 8 3 14 2 2 0 16 1 2 8 2 0 6 6 1 0 11 7 6 1 11 18 5 2 5 2 3 0 9 12 10 2 7 5 0 0 1 9 10 2 5 1 1 0 0 12 11 4 4 12 3 0 0 0 1 
2 0 0 2 2 2 2 0 4 0 2 2 3 2 6 3 4 2 3 3 2 3 4 1 2 1 4 3 2 8 7 1 3 3 1 2 5 4 9 9 5 7 3 2 3 3 11 8 4 11 3 2 3 2 2 9 2 2 8 5 9 0 1 0 
0 0 0 1 5 0 1 1 1 1 0 6 0 1 1 2 1 1 5 4 0 3 1 2 0 3 5 3 0 9 1 0 0 12 2 3 1 6 6 10 2 5 4 7 3 0 7 6 2 8 0 0 0 0 3 1 1 2 7 3 1 0 0 1 
0 0 0 3 1 1 0 4 0 3 4 6 3 2 1 8 1 1 6 4 0 7 9 1 5 14 6 2 2 9 12 5 7 17 3 4 2 9 14 7 2 12 8 4 5 3 6 7 2 11 4 16 0 1 3 9 2 4 2 9 1 1 0 0 
2 2 3 3 11 5 7 3 7 15 11 26 12 3 5 8 9 8 8 2 3 7 13 6 3 12 14 5 5 17 11 3 7 17 6 9 11 11 19 22 13 14 11 9 2 6 17 19 11 22 7 10 4 6 7 17 13 4 17 17 9 1 0 0 
2 2 0 1 6 1 0 3 5 11 7 7 6 7 0 7 2 2 4 2 1 5 6 2 1 7 11 4 1 10 15 5 1 11 3 6 3 14 7 14 4 12 5 6 6 5 10 10 7 16 8 4 2 12 5 10 1 8 6 8 9 0 0 1 
1 0 2 3 2 3 1 5 3 8 0 4 0 1 0 3 4 0 2 2 1 8 1 0 0 3 4 2 0 5 3 1 4 5 0 0 3 8 1 10 6 5 1 5 4 0 3 8 4 8 4 1 0 1 7 1 2 2 7 5 4 1 0 0 
2 1 2 0 4 4 1 1 6 5 3 5 7 1 2 9 6 6 6 3 3 8 7 3 2 10 9 6 3 11 9 6 1 8 5 5 4 10 6 15 5 13 11 8 2 10 4 7 6 13 4 5 7 3 12 4 4 1 6 8 9 0 0 1 
4 2 3 3 10 8 7 8 7 7 7 14 14 9 5 9 7 6 10 8 5 9 10 6 5 12 9 2 6 9 13 9 3 4 4 3 5 14 11 15 19 25 5 10 5 12 18 17 10 23 4 4 4 6 13 8 3 12 17 8 12 1 0 0 
3 4 4 5 9 2 9 4 15 21 1 11 12 3 4 9 7 5 10 1 3 10 8 4 2 10 11 7 1 25 12 4 4 11 2 11 10 9 10 17 9 19 12 15 2 8 26 19 12 17 2 7 5 5 8 7 6 8 22 5 8 0 0 1 
4 1 5 6 7 5 3 12 13 14 4 15 7 2 1 12 4 7 9 8 2 9 11 2 4 10 12 7 1 23 11 6 5 11 3 7 9 17 8 19 11 18 11 15 2 8 21 25 9 16 4 2 7 4 5 10 7 5 19 6 8 0 0 1 
0 0 1 1 1 2 0 0 1 3 1 3 0 0 0 7 2 1 0 1 0 6 4 2 0 3 8 4 1 9 2 0 2 5 1 0 3 4 4 24 2 1 0 3 1 1 3 7 3 1 3 0 0 0 2 2 0 5 4 3 0 1 0 0 
3 4 1 1 10 4 10 6 10 20 3 15 10 8 2 10 7 10 6 6 3 2 7 1 2 10 17 6 1 27 9 5 7 13 0 4 8 15 17 25 11 18 5 7 2 6 36 26 7 28 5 2 3 3 7 12 5 8 14 10 1 0 0 1 
0 0 2 2 8 10 5 5 8 22 10 17 7 7 0 17 7 4 7 5 0 5 6 2 1 7 18 7 4 24 12 6 6 14 7 1 10 9 18 18 5 22 10 3 2 3 34 23 6 31 3 7 1 6 7 11 7 10 14 10 1 1 0 0 
2 0 0 3 2 2 3 4 5 5 2 9 8 2 0 7 6 3 9 4 4 10 7 2 4 8 15 4 2 12 10 3 5 4 2 5 8 9 12 17 6 8 8 3 4 8 12 15 7 12 5 9 3 4 8 10 4 10 11 11 5 0 1 0 
1 1 2 6 3 3 3 9 0 13 5 11 3 1 2 6 4 4 7 4 2 12 5 4 1 9 9 10 3 9 5 6 10 12 5 9 5 12 14 12 8 5 12 2 6 2 15 13 6 11 5 3 2 6 5 11 2 8 9 12 4 0 1 0 
3 1 3 3 12 11 18 24 11 46 20 69 33 22 9 35 18 32 12 9 6 20 12 3 4 32 19 6 6 30 18 16 25 32 9 6 11 25 26 44 26 67 17 18 15 10 29 24 13 44 12 19 11 12 23 32 13 16 40 22 10 0 0 1 
1 0 1 2 6 6 4 5 2 12 3 7 10 4 3 17 4 9 5 2 1 10 8 3 1 8 6 8 0 13 11 4 4 9 3 3 4 14 12 17 0 17 10 6 3 4 12 14 6 18 7 7 2 6 9 16 9 5 7 2 5 0 1 0 
3 3 1 0 5 5 2 4 4 5 3 8 2 5 2 3 2 2 1 2 1 0 6 4 3 6 7 6 1 6 2 1 5 5 5 4 3 16 9 14 4 3 4 3 4 6 5 7 6 10 4 2 0 1 5 4 3 4 7 3 0 0 0 1 
0 1 0 4 1 11 3 3 1 1 0 4 3 0 0 0 1 1 5 2 0 3 1 2 2 1 1 5 2 12 3 1 1 2 0 1 3 2 4 10 0 1 3 5 2 0 4 3 1 3 2 0 0 1 4 1 2 2 3 2 0 0 1 0 
0 2 0 0 2 2 1 3 2 8 2 3 1 2 1 5 2 2 2 4 2 4 4 1 0 1 4 6 0 8 5 2 2 3 0 1 2 8 11 17 2 7 3 3 1 3 20 16 1 17 0 1 3 1 3 3 0 4 1 5 2 0 0 1 
4 1 1 6 4 7 4 5 12 9 5 8 5 6 2 8 3 3 5 6 0 8 8 3 2 3 9 3 2 13 5 1 4 5 6 7 6 12 14 14 7 10 3 8 2 9 11 12 9 17 7 10 5 7 9 9 5 7 17 14 4 0 1 0 
1 0 1 2 4 2 1 3 11 4 2 4 4 1 0 9 4 4 6 7 1 4 2 1 0 6 4 4 5 6 2 2 3 6 5 2 4 9 6 10 6 5 1 3 2 2 12 12 11 7 4 2 3 2 6 5 2 4 11 12 0 0 0 1 
1 3 3 3 13 11 5 5 10 9 12 14 6 4 6 16 7 12 11 6 3 6 7 3 1 9 17 5 3 13 13 5 7 5 6 3 11 19 22 17 13 20 11 12 5 7 30 22 6 20 7 13 4 11 12 15 9 9 14 19 16 0 1 0 
1 2 1 2 6 5 1 2 3 6 5 9 5 5 4 7 2 3 5 3 1 10 4 4 3 10 12 12 4 15 6 3 2 3 2 3 11 11 21 13 7 6 5 5 2 2 20 16 10 15 6 6 1 2 6 7 4 4 7 8 4 0 1 0 
0 1 0 1 1 3 2 3 2 1 2 2 1 1 1 1 2 2 4 3 1 3 0 0 1 3 1 8 0 4 0 1 1 0 2 3 3 3 3 11 4 2 0 3 1 1 6 12 9 6 1 1 3 0 5 2 1 8 2 4 1 1 0 0 
2 1 1 0 0 4 1 3 4 6 5 3 1 3 0 3 2 2 4 1 3 3 3 2 0 3 4 1 0 11 1 3 1 3 1 1 8 3 4 7 4 4 6 7 2 2 6 8 5 7 4 4 0 2 3 4 1 2 8 4 6 1 0 0 
2 4 4 4 9 2 5 3 4 17 2 9 6 3 2 6 3 5 5 1 1 4 7 1 0 6 10 1 2 17 9 4 2 6 6 3 4 12 12 15 2 9 11 18 4 8 18 7 10 24 11 9 3 1 4 19 6 4 14 11 10 1 0 0 
4 2 1 3 11 8 6 6 4 11 10 7 7 1 2 11 3 14 10 4 0 9 11 2 6 7 14 3 2 22 13 8 9 17 6 10 5 21 24 22 5 12 10 9 5 9 34 16 10 34 7 6 3 5 10 16 10 3 18 18 5 0 1 0 
4 0 5 5 6 8 1 6 8 7 6 13 8 15 5 16 12 17 9 11 3 6 14 7 9 18 8 13 6 16 14 5 9 18 3 2 13 10 18 32 11 25 14 16 7 11 13 22 9 35 4 4 0 2 7 9 3 4 12 16 5 0 0 1 
3 1 7 1 7 8 3 5 6 9 6 13 10 13 4 18 12 18 8 9 3 6 11 8 12 20 9 14 3 17 13 6 10 16 2 1 15 9 19 30 12 26 10 19 8 9 14 21 8 36 4 4 0 2 7 9 4 4 10 16 5 0 0 1 
0 2 1 2 1 1 0 2 3 2 1 3 3 0 2 0 2 2 2 1 3 0 5 1 2 8 3 4 0 3 3 3 3 5 1 1 2 6 6 5 3 2 3 5 3 3 4 4 2 6 1 5 3 0 4 3 3 2 4 2 4 0 1 0 
3 1 2 4 3 4 6 0 3 14 5 7 5 1 1 9 0 2 8 2 0 5 7 1 2 5 13 9 1 19 12 6 4 13 2 6 3 11 10 10 3 7 6 7 0 1 7 6 1 13 2 7 0 2 3 14 8 4 9 6 1 0 1 0 
2 2 1 8 11 4 1 3 2 4 1 2 7 7 1 2 3 6 3 2 0 3 8 3 3 6 6 6 3 7 13 2 4 10 2 0 0 4 5 8 9 6 2 2 2 3 7 6 5 9 2 6 0 0 2 4 2 5 6 5 1 1 0 0 
2 5 3 5 8 3 2 4 2 1 1 1 4 5 2 2 2 2 2 4 2 4 0 2 1 7 9 5 4 16 12 7 5 13 1 2 1 3 3 11 5 7 5 2 0 3 4 6 3 16 2 5 0 0 7 4 2 3 3 6 1 0 0 1 
1 1 6 3 8 5 3 6 4 5 11 5 9 6 4 2 6 3 1 1 3 10 6 1 13 8 4 12 8 5 8 5 3 6 6 2 8 8 21 13 8 11 4 4 6 8 12 12 15 17 12 6 2 6 13 14 11 7 10 9 16 0 0 1 
3 2 1 6 4 7 6 2 5 9 8 17 4 6 0 5 5 9 2 4 2 14 7 3 3 14 10 4 4 8 6 13 8 6 3 3 3 10 10 15 8 16 2 11 3 11 11 12 8 24 9 8 4 3 9 11 4 8 13 12 12 0 1 0 
2 2 1 8 11 4 1 4 1 3 1 2 8 8 1 2 2 5 1 1 1 2 8 3 3 6 6 7 2 7 11 2 5 12 2 0 0 3 6 8 8 6 2 1 2 3 6 9 5 9 2 6 0 0 1 4 2 5 7 5 1 0 0 1 
1 2 3 14 11 10 0 3 1 3 1 7 7 2 0 6 1 6 6 3 1 4 6 1 1 3 6 4 1 13 16 10 4 14 2 1 4 9 4 8 3 11 3 4 1 0 7 5 4 9 2 4 0 0 2 4 5 1 2 8 1 1 0 0 
1 3 1 2 13 6 1 0 1 7 2 3 4 0 0 6 0 3 3 2 0 3 4 2 1 6 10 4 1 15 29 6 4 23 4 5 12 12 6 16 2 7 1 7 4 3 7 7 2 11 5 2 1 2 3 9 3 4 4 7 2 0 1 0
